3.969663833734519
0.8743452080059965
1.6329575534956278
1.047406529617088
4.569322986912527
1.8671653010525844
0.9964116931203572
2.112365176983119
2.175159163505722
2.236618513688995
3.5205981717708315
1.621021994424638
2.087275851271255
0.8641891469544634
5.582950871439082
0.8856403639019336
0.33411643620357734
1.146559641068486
0.6299144842324754
0.9058098307373268
0.8360675244561641
2.592472167116428
2.668968752515135
0.5466653451706609
1.9688224365222062
0.21968126151643927
2.1068799142149177
1.1456025681253763
2.2066788417155245
0.49058091000263493
0.6800821114115237
3.386495133020513
0.8657857949014662
2.9976738143469253
1.52718443282169
2.1104186032405363
2.168760804728826
3.6884778834170766
2.892548335254654
2.1050648635922364
2.241843168619552
1.1624757020114178
2.308797611365957
1.410827181277386
0.5320575800179298
0.5998878865613834
1.091947569714463
3.3776455860975108
1.5278113686901214
3.0065319582943912
1.265396758867418
1.0489146964964784
1.0243059572149114
3.3477441110345616
3.1367827930458905
2.7593305312156753
2.3184521860199645
1.8907104429418058
0.8058814342716845
3.807318765257875
4.477626245091765
1.8046413115005502
1.4462610081222966
1.271411681138714
3.140502432251459
1.2682300574239367
1.6134325927565139
2.3114355842128096
2.085079909456707
2.1170050020533844
3.3981913787972657
1.8584271156096606
3.9902117996835873
2.0037016750198147
0.8336604214577864
4.320838100426281
2.962185359282051
0.4698798659853185
2.848460377107407
0.057582075447646715
4.820166437306053
1.329563616776053
4.256740197400888
3.037711557346063
2.4476577767184704
0.852768014485122
4.018909207225173
1.818351248376554
2.2715082609949344
0.9779672929085881
1.8230565809617163
0.8222524831677616
1.3042274860722165
2.8162333244033917
0.7716919998381364
2.279911143433447
4.060877438813454
2.515523018880098
1.2259384851879012
1.3737580681117232
2.3798538299857595
2.48124085002295
2.1319936976092118
2.346158696691954
3.4591339730105393
1.0819607634405857
1.8801944750229636
0.7608845731705896
2.8373087199066362
1.940322404182833
1.9156197548994147
2.1182700348726518
1.184840956412191
2.3922735121176077
1.053672720166939
2.146649140339891
0.9331887100093281
5.535400294284469
3.0802545022351335
2.2349676359253743
4.756731930680237
1.2976749468797268
2.439063623496262
1.5706689720070102
0.2045554233890928
1.939840440732576
2.6120329189982896
0.8483061797318849
1.6069258229147132
3.73226569450751
1.9286108095848324
2.748020018171828
1.419627680427497
2.1466774679324248
0.8713346093740691
2.6135141598722402
1.2132535473189048
4.186346888810476
2.577997463818452
4.164059844898095
2.6607308165866446
0.38188273652773636
1.6283147587065958
0.26813714603385363
2.9871450843342413
1.1045024250409947
4.770188007861512
2.998135662124136
1.1524500856012423
3.513613805482949
2.2073319130837032
1.7638368540130867
3.7500546412850952
2.634824644386519
1.3656103313795906
2.5064791477508086
0.6785367268220713
3.4057296795384144
2.4210289164383334
3.2069694931183426
3.140573257116156
1.0722047595429247
0.9398754586823537
1.4259052383381692
2.943600618151538
5.221401290615739
1.804377118969525
1.3403662966997054
0.2029040046039673
1.5714317670433466
1.219063871841728
2.5752592385494286
2.6256138411183123
0.6448645013887333
2.2275032284147143
0.7625268307952489
2.64518180206303
2.2663611919230937
1.3267301806374316
3.2451586845602565
1.3564126695439127
3.4965471537033337
2.354950255258938
4.241285872440189
2.3154585690785523
0.814119141768295
1.9250097552106173
1.2930719891017548
2.5019688890290968
1.0699604317245068
2.423814823124267
2.3772048993050907
0.6893091564598862
0.13265099327923094
2.74440213652177
3.0723000530118756
1.146109694528448
0.6373762968270007
2.2420580047567245
1.0283195762998896
