2.3414833670608526
3.652392676195641
1.086620247413073
1.3551960383831432
3.780165267839924
1.7851664551109439
1.5691426187857591
1.8291990930083735
3.1645366970949422
1.239260798113258
2.9461618570124273
2.6888878421285742
2.203536487183345
2.422335549568766
1.01384084238888
1.243714908081664
2.4771719519444457
1.4600666845776833
0.36856232685312107
1.2011776829571152
0.544743185985057
1.1738074527235265
1.2333674641398775
0.9334338028031306
3.6054741501889884
1.0423367087542426
1.865925314147356
3.020824507059587
2.318935331625422
2.0419490384715764
0.5399442684326922
1.3175407780823323
4.945758846847904
0.3713040944657696
0.7771355767721826
1.8991483596380319
2.014954610544402
1.2290917521393319
1.771189691065464
1.3714996762894665
0.7065877733872675
2.3595514858473767
0.40482589152250303
2.692745843305988
2.7716056940902605
1.1935843476644525
0.7440657570230665
1.6321851559675085
2.069891741398477
0.4404265380164842
1.2891280863961119
1.5538455747853788
1.5202476164712626
1.5309149839846827
2.3288652108144845
2.2676732735078247
2.1418931930016982
3.5380655563851193
2.799653950967681
1.1175657725068406
0.9425011273763089
1.8075996852763034
1.2203398539254797
1.3395596476894451
1.930468857483648
3.453515722665372
0.46414434517967773
2.1503380725438883
1.3165831248373823
1.3295652647475573
0.7441198419076024
2.766403912328539
0.700262264964698
1.4883236850425605
2.7674882341928893
0.6256031948229901
0.41779128239748003
1.0855371997983334
1.785984032007789
2.4446705655846337
0.8333565098686512
1.227055524870172
1.781479025393274
1.656416511510851
3.4656756223324856
1.3951499615471585
3.053562999953939
2.0689805960785583
0.974232699072303
2.119037411466465
1.6075999987348804
3.3082057215126555
4.298544144515739
1.3205348555885117
1.2085740550308692
3.6493239694605633
1.2734169580847983
2.357449387358439
1.829797905981437
1.554557220204675
1.2088462439913004
1.77723475659203
1.1339354470862393
1.7508188521463708
2.5007689248789506
2.9543012217891005
1.8529117152903662
1.7903121403496716
1.59086254657518
0.9688316658385031
2.60165935275002
1.3013813513660948
1.1305198376479866
0.5450812910806364
2.5474254517032953
2.667248974575092
1.9269861171090812
1.2817491157250305
1.6232391574055536
1.035641655084172
1.6148738804814435
0.8266135219557245
1.8882813711756332
2.906215229863229
1.658447977117455
1.156497434210183
0.8648209704880012
1.2233084600002533
1.4936413738638423
1.6119696445904148
3.1955713372566508
1.6069545278148287
2.428353984558431
2.046205970858573
2.4720026468189245
1.5087721719959815
1.3673575432589702
1.3710636220820087
2.8563273083267844
0.7557075059392845
2.1178042041304015
2.299107646203526
2.3639309224959324
1.0039994227133264
2.1967683799563624
1.7592830844286185
2.979320967966361
1.115046046620462
2.768131264381665
1.9723852214631516
2.180363217138386
2.3222915259289296
0.8797398110873524
1.8921819153320496
1.7000726012593697
2.112347486059855
3.414812666821189
2.2157505558106143
2.6683539550689477
3.779215027323069
1.5510137923419203
0.35550814107719797
1.0227376835579145
2.4673676069036956
2.1982294967369853
1.6019019866190243
1.3967830448086205
2.440539701632915
1.348106130334944
2.2145354938861086
0.9873873358108838
0.3225585986422642
1.5350701977649606
1.2655426800039544
1.856909535988583
2.2129273462509174
1.1831031500851836
0.5163501995441663
1.5267790190081496
2.018259390207836
0.39870418156303244
1.0105025581486433
3.3401304201387854
1.5167579559870008
1.0928442150147677
1.232434669381172
2.7013047185951464
1.1941903816959722
0.7621014630491655
1.2997940184712093
1.9814782119876508
0.7367272915442062
3.0186566378051936
2.855013137004243
1.8218590768300704
1.0473862461035683
2.5265513354725657
2.0580448191896146
0.406008557848053
0.8479596170845225
